100
1 10
4
1 15
4
1 20
3
1 25
6
1 30
6
1 35
3
1 40
6
1 45
1
1 50
7
1 55
2
1 60
5
1 65
2
1 70
7
1 75
2
1 80
5
1 85
6
1 90
1
1 95
6
1 100
1
1 105
2
1 110
3
1 115
4
1 120
8
1 125
4
1 130
7
1 302591
25
1 835257
489
1 609320
121115397
1 942367
290
1 669446
185
1 892827
584332
1 770457
339647676
1 892020
754
1 916236
458118
1 533743
210
1 741372
370686
1 735370
99
1 1
1
1 2
10
1 273442
473
1 978945
405
1 664686
429
1 473906
236953
1 499272
70
1 169654
84827
1 579806
385
1 629494
457
1 539046
269523
1 112162
144
1 363748
318
1 332895805
158009720
1 892974851
20624
1 248908221
1494
1 765939630
38
1 296351985
948159258
1 373361486
186680743
1 39890755
5547
1 863779238
7361
1 154165046
1153
1 137212270
436
1 911618076
75
1 327404820
163702410
1 245923966
122961983
1 179956876
4334
1 661037140
23616
1 603743473
22544
1 621278956
310639478
1 307025531
432646110
1 198354308
527448962
1 691889260
345944630
1 438036142
219018071
1 517711749
650112542
1 566392210
492873435
1 773256027
19643
1 952714592
25203
1 898935858
449467929
1 36315955
32128555
1 802946113
28
1 942434972
20
1 421732016
210866008
1 304800929
13679
1 656009177
618716632
1 455553345
139628455
1 215997861
4483
1 595279030
297639515
1 351882071
77
1 494364338
247182169
1 867275857
924170485
1 188103740
501
1 417574082
212945981
1 304131276
8031
1 185167136
92583568
1 541106346
252369331
1 742356041
189486699
1 33550528
596393045
1 999999996
861971605
1 999999997
821311825
1 999999998
73
1 999999999
28935
1 1000000000
500000000